[example1]
A = [[ 1.09348182,  0.01643946, -0.01384925, -0.01213564], [ 0.01643946,  1.05659253,  0.04265326,  0.01915678], [-0.01384925,  0.04265326,  1.03990905,  0.01967412], [-0.01213564,  0.01915678,  0.01967412,  1.01001659]]
b = [(sin(pi/2))**2, (sin(pi/2))**2, (sin(pi/2))**2, (sin(pi/2))**2]
x = [0.0110324,  -0.01741526, -0.01788556,  0.99089401]
n = [3, 9]
eigevalues = [1, 1.1, 1, 1.1]