[example1]
A = [[ 1.09348182,  0.01643946, -0.01384925, -0.01213564], [ 0.01643946,  1.05659253,  0.04265326,  0.01915678], [-0.01384925,  0.04265326,  1.03990905,  0.01967412], [-0.01213564,  0.01915678,  0.01967412,  1.01001659]]
b = [0, 0, 0, 1]
x = [0.0110324,  -0.01741526, -0.01788556,  0.99089401]
n = [3, 9]
eigevalues = [1, 1.1, 1, 1.1]

[example2]
A =[[ 1.20061653,  0.37361167,  0.2394791 ,  0.39870151], [ 0.37361167,  2.43936584,  0.75247403, -0.17244919], [ 0.2394791 ,  0.75247403,  3.25826483, -0.48329325], [ 0.39870151, -0.17244919, -0.48329325,  3.1017528 ]]
b = [0, 0, 0, 1]
x = [-0.13618659  0.02853499  0.05535159  0.35011484]
n = [3, 20]
eigevalues = [1, 2, 3, 4]

[example3]
A = [[ 3.04313777,  0.16896332, -0.58841705, -0.18873254, -0.65786091, 0.04109569,  0.39929401,  0.19672738], [ 0.16896332,  1.84231511, -0.14307008, -0.19669476,  0.21163139, -0.45028287,  0.23598275,  0.45964747],[-0.58841705, -0.14307008,  2.7530816 ,  0.2473049 ,  0.01719994, 0.08320825,  1.04013684,  0.31936236],[-0.18873254, -0.19669476,  0.2473049 ,  2.94778362,  0.15801049, -0.48716297, -0.65380314,  0.0746298 ],[-0.65786091,  0.21163139,  0.01719994,  0.15801049,  2.92036224,-0.28445308,  0.08783862, -0.020264 ],[ 0.04109569, -0.45028287,  0.08320825, -0.48716297, -0.28445308,2.0887696 , -0.42825227,  0.08418105],[ 0.39929401,  0.23598275,  1.04013684, -0.65380314,  0.08783862,-0.42825227,  2.8268508 ,  0.09232105], [ 0.19672738,  0.45964747,  0.31936236,  0.0746298, -0.020264, 0.08418105,  0.09232105,  1.57769925]]
b = [0, 0, 0, 0, 0, 0, 0, 1]
x = [-0.06161176, -0.2094146,  -0.11320481, -0.0330275,   0.00111423, -0.07112364, 0.02557131,  0.72931826]
n = [2, 20] 
eigenvalues = [4, 4, 3, 3, 2, 2, 1, 1]