[0]
a = [[ 0.11067742 -0.05737111]
	 [-0.05737111  0.19684062]]
b = [0.26179489 0.96512354]
x = [5.7802502  6.58778109]

[1]
a = [[ 0.75957487 -0.03751219 -0.05106469 -0.06062039]
	 [-0.03751219  0.26744248 -0.13700109  0.10947524]
	 [-0.05106469 -0.13700109  0.43752877  0.16833643]
	 [-0.06062039  0.10947524  0.16833643  0.43317696]]
b = [0.63966384 0.23455452 0.48899363 0.54470136]
x = [1.06609883 1.75329395 1.67002723 0.31455965]

[2]
a = [[ 2.13616264e-01  7.92336531e-02 -2.89663462e-02 -1.03808089e-01
	  -1.58801560e-02  2.39345494e-02  1.58554475e-01 -1.42292301e-02]
	 [ 7.92336531e-02  4.56781013e-01 -1.10093035e-01 -2.41949631e-02
	   1.81633989e-02  1.88308922e-04 -8.45721992e-02 -2.45313776e-02]
	 [-2.89663462e-02 -1.10093035e-01  3.42296869e-01 -6.11598560e-02
	   9.19000345e-02  7.77639595e-02  4.39965505e-02  1.09657037e-01]
	 [-1.03808089e-01 -2.41949631e-02 -6.11598560e-02  4.08264463e-01
	  -2.14180481e-01 -1.64086009e-01 -2.47919075e-01  8.88068712e-03]
	 [-1.58801560e-02  1.81633989e-02  9.19000345e-02 -2.14180481e-01
	   4.79022346e-01  1.09265124e-01 -1.44163668e-02  3.37888374e-02]
	 [ 2.39345494e-02  1.88308922e-04  7.77639595e-02 -1.64086009e-01
	   1.09265124e-01  5.02881348e-01  8.24176564e-02 -1.44659326e-01]
	 [ 1.58554475e-01 -8.45721992e-02  4.39965505e-02 -2.47919075e-01
	  -1.44163668e-02  8.24176564e-02  4.56655951e-01  4.04678885e-02]
	 [-1.42292301e-02 -2.45313776e-02  1.09657037e-01  8.88068712e-03
	   3.37888374e-02 -1.44659326e-01  4.04678885e-02  3.89556492e-01]]
b = [0.31270678 0.03097699 0.32302539 0.18732979 0.41684251 0.5138364
	 0.55993741 0.10247736]
x = [ 1.14909826  0.84862374  0.75068718  5.03268052  2.80317248  1.27952731
	  3.51073036 -0.10026264]

[3]
a = [[ 0.58870308  0.01292047 -0.1830012   0.1957231 ]
	 [ 0.01292047  0.65953184  0.14254214  0.23531277]
	 [-0.1830012   0.14254214  0.77034955 -0.05663145]
	 [ 0.1957231   0.23531277 -0.05663145  0.39355744]]
b = [0.89865903 0.16699358 0.39553727 0.08986296]
x = [ 2.08729772  0.33728764  0.88186958 -0.88448578]

[4]
a = [[ 0.44360773 -0.03970033  0.08700998 -0.01525189]
	 [-0.03970033  0.34174497 -0.019836    0.01224579]
	 [ 0.08700998 -0.019836    0.37661996 -0.0603124 ]
	 [-0.01525189  0.01224579 -0.0603124   0.40692943]]
b = [0.20197298 0.82595499 0.46153354 0.25296653]
x = [0.4364996  2.520217   1.38013799 0.76672107]

[5]
a = [[ 0.45185997 -0.02841611 -0.09885841  0.00079501 -0.03135255 -0.08152354
	  -0.16338831 -0.04807925 -0.09442357  0.01552848 -0.07846084  0.0758699
	  -0.11095414 -0.0296223   0.00538787 -0.01117569]
	 [-0.02841611  0.59795706 -0.07611852  0.09492163  0.16556546  0.05975816
	  -0.01633895  0.06182868  0.09202048  0.00130465 -0.05059932 -0.02284302
	  -0.10048618 -0.12326585 -0.03175643 -0.06337393]
	 [-0.09885841 -0.07611852  0.30428975  0.07901727  0.08349849 -0.03643754
	   0.04700809  0.00724667 -0.13577867  0.07060872 -0.06589348 -0.07161616
	   0.09835731 -0.02492627  0.12063223 -0.03197074]
	 [ 0.00079501  0.09492163  0.07901727  0.46934299 -0.02235144  0.10589128
	  -0.08130236 -0.01051722 -0.05707774 -0.05865017 -0.15938033 -0.01508885
	  -0.0507659   0.00717454  0.14500242  0.07439788]
	 [-0.03135255  0.16556546  0.08349849 -0.02235144  0.33385933 -0.02917755
	   0.1109791  -0.0246594   0.08661791  0.10216588 -0.07084142 -0.04382423
	   0.05522692 -0.08704439  0.08530971 -0.02106425]
	 [-0.08152354  0.05975816 -0.03643754  0.10589128 -0.02917755  0.39266478
	  -0.03829098 -0.15555063  0.07426419  0.04253324  0.04446469  0.10786889
	   0.00735194 -0.07502268 -0.08249817  0.11950079]
	 [-0.16338831 -0.01633895  0.04700809 -0.08130236  0.1109791  -0.03829098
	   0.57002373 -0.05373488  0.08368607  0.09136663 -0.09151742  0.05244379
	   0.08587439 -0.03818735 -0.07000681  0.0148791 ]
	 [-0.04807925  0.06182868  0.00724667 -0.01051722 -0.0246594  -0.15555063
	  -0.05373488  0.33913768 -0.09919044 -0.04174486  0.02907163 -0.16529258
	  -0.00838551  0.04490349  0.01759609 -0.04774118]
	 [-0.09442357  0.09202048 -0.13577867 -0.05707774  0.08661791  0.07426419
	   0.08368607 -0.09919044  0.58456418 -0.0652609   0.13659948 -0.0089937
	  -0.00719768 -0.00315806  0.09904377  0.01280539]
	 [ 0.01552848  0.00130465  0.07060872 -0.05865017  0.10216588  0.04253324
	   0.09136663 -0.04174486 -0.0652609   0.50774764  0.02013684  0.07138671
	   0.05445178  0.04733313 -0.05308698 -0.03345457]
	 [-0.07846084 -0.05059932 -0.06589348 -0.15938033 -0.07084142  0.04446469
	  -0.09151742  0.02907163  0.13659948  0.02013684  0.55525313 -0.06189234
	  -0.07702761  0.05224718  0.06543747 -0.01987226]
	 [ 0.0758699  -0.02284302 -0.07161616 -0.01508885 -0.04382423  0.10786889
	   0.05244379 -0.16529258 -0.0089937   0.07138671 -0.06189234  0.43719398
	  -0.07914159  0.05481366 -0.0877526  -0.00350499]
	 [-0.11095414 -0.10048618  0.09835731 -0.0507659   0.05522692  0.00735194
	   0.08587439 -0.00838551 -0.00719768  0.05445178 -0.07702761 -0.07914159
	   0.32567454  0.05947758 -0.00817467 -0.02677192]
	 [-0.0296223  -0.12326585 -0.02492627  0.00717454 -0.08704439 -0.07502268
	  -0.03818735  0.04490349 -0.00315806  0.04733313  0.05224718  0.05481366
	   0.05947758  0.47205377  0.02342319 -0.11633458]
	 [ 0.00538787 -0.03175643  0.12063223  0.14500242  0.08530971 -0.08249817
	  -0.07000681  0.01759609  0.09904377 -0.05308698  0.06543747 -0.0877526
	  -0.00817467  0.02342319  0.52415294 -0.04300372]
	 [-0.01117569 -0.06337393 -0.03197074  0.07439788 -0.02106425  0.11950079
	   0.0148791  -0.04774118  0.01280539 -0.03345457 -0.01987226 -0.00350499
	  -0.02677192 -0.11633458 -0.04300372  0.24638793]]
b = [0.23523669 0.20723632 0.20277538 0.21790053 0.39623581 0.33770079
	 0.22974112 0.07914308 0.11920594 0.34134405 0.26115937 0.26567586
	 0.00353089 0.30665265 0.32041155 0.12962825]
x = [ 2.42955115  0.64490476  2.05590705 -0.09630617  1.28285813  2.02944154
	  1.19042948  2.01354514  0.32146053 -0.36323668  1.11089601  0.94458988
	  0.26177235  1.65746713  0.35189196  1.4511394 ]

[6]
a = [[ 0.75776227 -0.08125834 -0.18170024  0.10178487]
	 [-0.08125834  0.33974827 -0.06623768 -0.11658582]
	 [-0.18170024 -0.06623768  0.54977767  0.11709559]
	 [ 0.10178487 -0.11658582  0.11709559  0.41250035]]
b = [0.82858486 0.36177103 0.08428149 0.418886  ]
x = [1.28800195 1.84773802 0.57664172 1.0562045 ]

[7]
a = [[ 0.4381934   0.03518184 -0.08901413  0.13687262  0.13838666  0.08719746
	   0.08134631 -0.02187065]
	 [ 0.03518184  0.45990713  0.1478765   0.12020297  0.07267455 -0.06873459
	  -0.01661108 -0.20153418]
	 [-0.08901413  0.1478765   0.22197129  0.00189008 -0.02306641 -0.04910736
	  -0.0259526  -0.09486314]
	 [ 0.13687262  0.12020297  0.00189008  0.32327229  0.10436601 -0.08101983
	   0.05353873 -0.08649104]
	 [ 0.13838666  0.07267455 -0.02306641  0.10436601  0.21494847 -0.06533824
	   0.00735838  0.0009372 ]
	 [ 0.08719746 -0.06873459 -0.04910736 -0.08101983 -0.06533824  0.63611917
	   0.13572668 -0.13836196]
	 [ 0.08134631 -0.01661108 -0.0259526   0.05353873  0.00735838  0.13572668
	   0.28501368 -0.05342529]
	 [-0.02187065 -0.20153418 -0.09486314 -0.08649104  0.0009372  -0.13836196
	  -0.05342529  0.35498833]]
b = [0.35131803 0.47163969 0.49323852 0.21386591 0.02105605 0.2550027
	 0.53217632 0.12816944]
x = [ 1.02753775  1.26470734  3.32652518  0.61657548 -0.75733194  0.84306534
	  1.9795293   2.81004134]

[8]
a = [[0.20863943 0.03177233]
	 [0.03177233 0.00747054]]
b = [0.97245953 0.23307179]
x = [-0.255727 32.286407]

[9]
a = [[ 0.4933288   0.01377032 -0.03936306  0.04175696 -0.10014257 -0.0091116
	   0.00199557  0.00217095  0.11262612  0.05884067  0.10164488 -0.05997381
	   0.09809416 -0.06127963  0.04754911 -0.0167758 ]
	 [ 0.01377032  0.53748145  0.07947653 -0.03827192  0.07806384  0.05317235
	  -0.01786348 -0.03626443 -0.0254537  -0.04966689  0.02184403 -0.09010811
	   0.0878718  -0.08731904  0.00279039  0.10894952]
	 [-0.03936306  0.07947653  0.55369076 -0.02041018 -0.02263515 -0.10325179
	  -0.09210614  0.00295467 -0.01738914  0.07994974 -0.14384938  0.0336057
	  -0.02736666  0.05702707 -0.01056304  0.03070956]
	 [ 0.04175696 -0.03827192 -0.02041018  0.47921708  0.05675927 -0.03507032
	  -0.09922607 -0.03700862 -0.04425731 -0.1068743   0.02882426  0.04073978
	   0.02496939 -0.04508692 -0.00660068  0.07699502]
	 [-0.10014257  0.07806384 -0.02263515  0.05675927  0.40579459 -0.03305015
	   0.01609686  0.01858671 -0.0222546   0.12859701 -0.00552165  0.06199728
	  -0.09524274 -0.01837305  0.01006224 -0.05875613]
	 [-0.0091116   0.05317235 -0.10325179 -0.03507032 -0.03305015  0.55823183
	   0.05897337 -0.01103348 -0.10145205  0.01657442  0.06942386 -0.06090267
	   0.10546476 -0.03320338  0.09332125  0.00357169]
	 [ 0.00199557 -0.01786348 -0.09210614 -0.09922607  0.01609686  0.05897337
	   0.49427941 -0.03608253  0.01390873  0.03236459 -0.05214559  0.03042272
	  -0.01157763 -0.03973239 -0.04467609  0.03079585]
	 [ 0.00217095 -0.03626443  0.00295467 -0.03700862  0.01858671 -0.01103348
	  -0.03608253  0.53048416  0.01018738  0.01327829  0.00747565 -0.08336743
	  -0.06930208 -0.01729338 -0.08587542  0.02111817]
	 [ 0.11262612 -0.0254537  -0.01738914 -0.04425731 -0.0222546  -0.10145205
	   0.01390873  0.01018738  0.38299793  0.01585097 -0.00521654 -0.01662604
	  -0.00838434 -0.01479957 -0.11304515  0.0343845 ]
	 [ 0.05884067 -0.04966689  0.07994974 -0.1068743   0.12859701  0.01657442
	   0.03236459  0.01327829  0.01585097  0.51028022  0.0121946   0.00792452
	   0.13602204 -0.03359595  0.1164576  -0.03119875]
	 [ 0.10164488  0.02184403 -0.14384938  0.02882426 -0.00552165  0.06942386
	  -0.05214559  0.00747565 -0.00521654  0.0121946   0.58735585 -0.00610574
	  -0.039412   -0.0894214   0.06191714 -0.0143972 ]
	 [-0.05997381 -0.09010811  0.0336057   0.04073978  0.06199728 -0.06090267
	   0.03042272 -0.08336743 -0.01662604  0.00792452 -0.00610574  0.46800076
	  -0.10730401 -0.05636231  0.07384505 -0.05311606]
	 [ 0.09809416  0.0878718  -0.02736666  0.02496939 -0.09524274  0.10546476
	  -0.01157763 -0.06930208 -0.00838434  0.13602204 -0.039412   -0.10730401
	   0.51994235  0.07758774  0.00193301 -0.07007409]
	 [-0.06127963 -0.08731904  0.05702707 -0.04508692 -0.01837305 -0.03320338
	  -0.03973239 -0.01729338 -0.01479957 -0.03359595 -0.0894214  -0.05636231
	   0.07758774  0.4899213   0.0686158   0.02640499]
	 [ 0.04754911  0.00279039 -0.01056304 -0.00660068  0.01006224  0.09332125
	  -0.04467609 -0.08587542 -0.11304515  0.1164576   0.06191714  0.07384505
	   0.00193301  0.0686158   0.37738492  0.12872718]
	 [-0.0167758   0.10894952  0.03070956  0.07699502 -0.05875613  0.00357169
	   0.03079585  0.02111817  0.0343845  -0.03119875 -0.0143972  -0.05311606
	  -0.07007409  0.02640499  0.12872718  0.53781633]]
b = [0.20280869 0.03869775 0.23222082 0.02945449 0.16448106 0.429335
	 0.22651642 0.38310923 0.00088754 0.44665681 0.3362286  0.08125092
	 0.41451925 0.00064768 0.03609976 0.02877196]
x = [ 0.37768062 -0.40954741  0.98494014 -0.02345811  0.89420234  0.79235385
	  0.59320468  0.87978034  0.06263013  0.06926341  0.85928146  0.56595786
	  1.19165933  0.0830018  -0.28943693  0.4186568 ]

[10]
a = [[ 0.40477528 -0.15996635  0.05007254  0.04732729  0.05566193  0.16798674
	   0.08149741  0.15783341]
	 [-0.15996635  0.32947465  0.04009402  0.12876146 -0.13570043  0.01890794
	  -0.00633248 -0.12953343]
	 [ 0.05007254  0.04009402  0.42241504 -0.03348522 -0.08635731  0.19706643
	  -0.0680165   0.04900956]
	 [ 0.04732729  0.12876146 -0.03348522  0.7029688  -0.04720642 -0.00566387
	   0.13951699 -0.12711683]
	 [ 0.05566193 -0.13570043 -0.08635731 -0.04720642  0.53071952 -0.01967736
	   0.1584908   0.07881604]
	 [ 0.16798674  0.01890794  0.19706643 -0.00566387 -0.01967736  0.58594711
	   0.13105442  0.16481269]
	 [ 0.08149741 -0.00633248 -0.0680165   0.13951699  0.1584908   0.13105442
	   0.41077596 -0.01136735]
	 [ 0.15783341 -0.12953343  0.04900956 -0.12711683  0.07881604  0.16481269
	  -0.01136735  0.43666273]]
b = [0.58303236 0.11073455 0.24107947 0.24472956 0.51358227 0.12927343
	 0.43069867 0.25262529]
x = [ 2.03808409  1.96177467  0.88811137 -0.11043876  1.04016013 -1.01211347
	  0.79455944  0.50693186]

[11]
a = [[0.07767332 0.10055103]
	 [0.10055103 0.69010917]]
b = [0.63174386 0.7751772 ]
x = [ 8.23192242 -0.07614888]

[12]
a = [[0.83681683 0.01497543]
	 [0.01497543 0.90243555]]
b = [0.62754051 0.77858391]
x = [0.73469233 0.85056665]

[13]
a = [[ 0.5860104   0.03852015 -0.01599402  0.03394571  0.15784948  0.03251763
	  -0.02358574  0.00303452 -0.11834782  0.0033721  -0.22297787 -0.01834174
	   0.04152878  0.0037553   0.1470336   0.00154554]
	 [ 0.03852015  0.56265165  0.04530891 -0.03644858 -0.05832814  0.04316971
	   0.03612371  0.0393797   0.04257122  0.03375638 -0.02682934  0.02774646
	  -0.008797    0.03424285 -0.08373826 -0.08422612]
	 [-0.01599402  0.04530891  0.56746482 -0.04889183 -0.10693486  0.02971511
	   0.11457019  0.00899793 -0.04351213 -0.04821651 -0.05018384 -0.24819058
	  -0.03392149  0.19212031 -0.04047181 -0.02393436]
	 [ 0.03394571 -0.03644858 -0.04889183  0.52460901 -0.02811876 -0.02226182
	  -0.06586511  0.04269162  0.14325868  0.006312   -0.00751169  0.01610813
	  -0.02872609  0.14159106 -0.04763763 -0.02966441]
	 [ 0.15784948 -0.05832814 -0.10693486 -0.02811876  0.58886021 -0.02698791
	  -0.00343668 -0.06152191 -0.02168475 -0.02146808  0.10799665 -0.04142382
	   0.01049787 -0.01543828 -0.09937765 -0.00684521]
	 [ 0.03251763  0.04316971  0.02971511 -0.02226182 -0.02698791  0.53785688
	   0.03504238 -0.00179499 -0.03702269 -0.06176507  0.03928118  0.08052571
	  -0.18788881  0.085138    0.08688284 -0.14999058]
	 [-0.02358574  0.03612371  0.11457019 -0.06586511 -0.00343668  0.03504238
	   0.7155205   0.0620688   0.0860527  -0.00096452  0.08610614  0.05254291
	   0.05470641  0.12104013  0.03827255  0.02210619]
	 [ 0.00303452  0.0393797   0.00899793  0.04269162 -0.06152191 -0.00179499
	   0.0620688   0.65427188  0.02727048 -0.06499367  0.03096779 -0.02307357
	  -0.01799306 -0.08257211  0.0573178  -0.05491881]
	 [-0.11834782  0.04257122 -0.04351213  0.14325868 -0.02168475 -0.03702269
	   0.0860527   0.02727048  0.34487752  0.0937638   0.11248233  0.11136901
	   0.06066944  0.0131358  -0.07975611 -0.17530625]
	 [ 0.0033721   0.03375638 -0.04821651  0.006312   -0.02146808 -0.06176507
	  -0.00096452 -0.06499367  0.0937638   0.64358681  0.01162051 -0.00480566
	  -0.06159981  0.1030906   0.13181236 -0.01267238]
	 [-0.22297787 -0.02682934 -0.05018384 -0.00751169  0.10799665  0.03928118
	   0.08610614  0.03096779  0.11248233  0.01162051  0.43845101 -0.03646116
	   0.0159801  -0.04329839  0.02366367 -0.11098882]
	 [-0.01834174  0.02774646 -0.24819058  0.01610813 -0.04142382  0.08052571
	   0.05254291 -0.02307357  0.11136901 -0.00480566 -0.03646116  0.47786301
	   0.01067048 -0.04872297 -0.08000874 -0.05742022]
	 [ 0.04152878 -0.008797   -0.03392149 -0.02872609  0.01049787 -0.18788881
	   0.05470641 -0.01799306  0.06066944 -0.06159981  0.0159801   0.01067048
	   0.38672946 -0.13061994  0.03048708 -0.13189317]
	 [ 0.0037553   0.03424285  0.19212031  0.14159106 -0.01543828  0.085138
	   0.12104013 -0.08257211  0.0131358   0.1030906  -0.04329839 -0.04872297
	  -0.13061994  0.3909647  -0.06966264  0.06460058]
	 [ 0.1470336  -0.08373826 -0.04047181 -0.04763763 -0.09937765  0.08688284
	   0.03827255  0.0573178  -0.07975611  0.13181236  0.02366367 -0.08000874
	   0.03048708 -0.06966264  0.48450207 -0.02016834]
	 [ 0.00154554 -0.08422612 -0.02393436 -0.02966441 -0.00684521 -0.14999058
	   0.02210619 -0.05491881 -0.17530625 -0.01267238 -0.11098882 -0.05742022
	  -0.13189317  0.06460058 -0.02016834  0.48145647]]
b = [0.0595559  0.05605175 0.3439215  0.4310359  0.15133928 0.38813556
	 0.10638858 0.40944879 0.28077873 0.02745923 0.25380577 0.02055026
	 0.08576163 0.10292746 0.37341081 0.18682233]
x = [-0.40944054  0.57402595  2.35647868  1.24355172  1.38353136  2.39040629
	 -0.89131578  0.78267662  1.92109849  0.40773233  0.44265779  1.10169863
	  2.2889391  -0.94352309  1.3708961   3.33285166]

[14]
a = [[ 0.63044466  0.02559103 -0.01027328  0.00499153]
	 [ 0.02559103  0.45287389  0.07799193 -0.00639538]
	 [-0.01027328  0.07799193  0.41642935  0.10101951]
	 [ 0.00499153 -0.00639538  0.10101951  0.37447476]]
b = [0.89398369 0.04802726 0.03127252 0.44441937]
x = [ 1.4018356   0.07890784 -0.20200708  1.22393661]

[15]
a = [[ 4.90543711e-01 -2.33860732e-03  8.36224876e-02 -4.66446656e-02
	  -1.11775776e-01 -1.12204420e-02  9.89673116e-02 -2.84520464e-03
	   8.72598372e-03 -1.13443337e-01  1.31595556e-01 -9.96676659e-02
	  -1.22144970e-01  1.59487471e-02  5.85050409e-03 -5.58838319e-02]
	 [-2.33860732e-03  4.04179804e-01  5.96375130e-02 -7.22187509e-02
	   6.63117362e-02 -2.21397634e-02  5.34751595e-02  3.64224944e-02
	   1.06858892e-01 -9.83281698e-02 -5.75743807e-02 -3.46144816e-02
	   8.35606714e-02  6.53675649e-02 -2.95023019e-02 -3.34576705e-03]
	 [ 8.36224876e-02  5.96375130e-02  4.08931289e-01 -9.94290769e-02
	   4.59609844e-02 -1.13636819e-01 -1.33890101e-01 -7.04321408e-02
	   8.40551678e-02 -1.42131025e-02  3.22493202e-02  1.93405700e-02
	   3.95721796e-02  2.83716717e-02  1.19581712e-01  1.43321136e-02]
	 [-4.66446656e-02 -7.22187509e-02 -9.94290769e-02  4.38249012e-01
	  -2.53721310e-02 -2.86187605e-02  5.45741642e-02 -1.24152619e-02
	  -9.98081417e-02  1.10880773e-02  8.77022686e-02  7.82419223e-02
	  -5.37914044e-02  7.44492443e-02 -4.18246906e-02 -8.64459486e-02]
	 [-1.11775776e-01  6.63117362e-02  4.59609844e-02 -2.53721310e-02
	   5.57907918e-01 -6.78853247e-02  6.93790834e-02  1.60675994e-01
	  -5.75525650e-02  1.12287973e-01  8.67836646e-03  8.53966861e-02
	  -2.53009113e-02 -2.08970583e-02 -7.07241754e-02  8.66057525e-02]
	 [-1.12204420e-02 -2.21397634e-02 -1.13636819e-01 -2.86187605e-02
	  -6.78853247e-02  5.67005504e-01 -1.18142406e-01 -1.53447605e-01
	  -4.71636333e-03  5.79113502e-02 -3.67153924e-02  8.24658421e-02
	  -1.85628722e-02 -5.62108351e-05 -1.16710994e-01  1.44750930e-01]
	 [ 9.89673116e-02  5.34751595e-02 -1.33890101e-01  5.45741642e-02
	   6.93790834e-02 -1.18142406e-01  4.58999725e-01  1.10638606e-01
	  -1.13672623e-01  6.52795506e-02  6.11283381e-02 -2.55201098e-02
	  -2.21537640e-02  6.82637926e-02 -5.79066390e-02  1.07358390e-02]
	 [-2.84520464e-03  3.64224944e-02 -7.04321408e-02 -1.24152619e-02
	   1.60675994e-01 -1.53447605e-01  1.10638606e-01  4.86163832e-01
	   2.63637773e-02  3.26698902e-02 -1.33110218e-01 -1.18584868e-01
	  -1.56995940e-01 -5.22468444e-03 -3.52689659e-02  9.42993985e-03]
	 [ 8.72598372e-03  1.06858892e-01  8.40551678e-02 -9.98081417e-02
	  -5.75525650e-02 -4.71636333e-03 -1.13672623e-01  2.63637773e-02
	   2.68143096e-01 -3.45335085e-02 -7.97276398e-02 -1.25147902e-01
	   6.88158722e-02  3.25098842e-02 -1.06823465e-01 -7.84199859e-02]
	 [-1.13443337e-01 -9.83281698e-02 -1.42131025e-02  1.10880773e-02
	   1.12287973e-01  5.79113502e-02  6.52795506e-02  3.26698902e-02
	  -3.45335085e-02  6.24232223e-01 -5.73466370e-02 -9.24919273e-02
	  -1.13056881e-01  4.78685064e-02 -2.20118474e-02 -4.33423471e-02]
	 [ 1.31595556e-01 -5.75743807e-02  3.22493202e-02  8.77022686e-02
	   8.67836646e-03 -3.67153924e-02  6.11283381e-02 -1.33110218e-01
	  -7.97276398e-02 -5.73466370e-02  4.31548590e-01  9.13754019e-02
	   3.81896542e-02  2.98399577e-03 -5.04860242e-02 -6.68964849e-02]
	 [-9.96676659e-02 -3.46144816e-02  1.93405700e-02  7.82419223e-02
	   8.53966861e-02  8.24658421e-02 -2.55201098e-02 -1.18584868e-01
	  -1.25147902e-01 -9.24919273e-02  9.13754019e-02  3.14887034e-01
	   5.47061034e-03 -7.69501870e-02  4.64888314e-02  2.22516807e-02]
	 [-1.22144970e-01  8.35606714e-02  3.95721796e-02 -5.37914044e-02
	  -2.53009113e-02 -1.85628722e-02 -2.21537640e-02 -1.56995940e-01
	   6.88158722e-02 -1.13056881e-01  3.81896542e-02  5.47061034e-03
	   4.62613411e-01  5.05712418e-02 -7.25589343e-03 -9.11583811e-03]
	 [ 1.59487471e-02  6.53675649e-02  2.83716717e-02  7.44492443e-02
	  -2.08970583e-02 -5.62108351e-05  6.82637926e-02 -5.22468444e-03
	   3.25098842e-02  4.78685064e-02  2.98399577e-03 -7.69501870e-02
	   5.05712418e-02  4.49534774e-01  3.97036977e-02  1.01329893e-01]
	 [ 5.85050409e-03 -2.95023019e-02  1.19581712e-01 -4.18246906e-02
	  -7.07241754e-02 -1.16710994e-01 -5.79066390e-02 -3.52689659e-02
	  -1.06823465e-01 -2.20118474e-02 -5.04860242e-02  4.64888314e-02
	  -7.25589343e-03  3.97036977e-02  2.90186614e-01  5.47640416e-02]
	 [-5.58838319e-02 -3.34576705e-03  1.43321136e-02 -8.64459486e-02
	   8.66057525e-02  1.44750930e-01  1.07358390e-02  9.42993985e-03
	  -7.84199859e-02 -4.33423471e-02 -6.68964849e-02  2.22516807e-02
	  -9.11583811e-03  1.01329893e-01  5.47640416e-02  4.81289985e-01]]
b = [0.18203552 0.37450967 0.03927989 0.28165642 0.30085526 0.30517891
	 0.03897379 0.00979299 0.03151914 0.36699585 0.0260569  0.14720986
	 0.26901888 0.39990536 0.08109659 0.40443565]
x = [ 2.92062172  1.43310438 -2.02126249  1.82944266  0.47801666 -0.29175223
	 -1.05353844  0.7514531   2.78757078  2.40869111  0.12881729  2.62822586
	  1.92777706 -0.25530118  1.85233818  2.03568696]

[16]
a = [[ 0.71522268 -0.03133624]
	 [-0.03133624  0.14942184]]
b = [0.26385075 0.96456352]
x = [0.65777903 6.59325193]

[17]
a = [[ 0.32534036 -0.09319043  0.00692802  0.09263556 -0.00483631 -0.07614182
	  -0.00495001 -0.1033755 ]
	 [-0.09319043  0.52590726  0.03440156  0.10419366  0.15300717  0.13395115
	  -0.10268634  0.03706038]
	 [ 0.00692802  0.03440156  0.19203176 -0.03091645  0.03101706 -0.08204501
	  -0.02437565  0.05391173]
	 [ 0.09263556  0.10419366 -0.03091645  0.38117788 -0.0349977   0.01000625
	  -0.13714145  0.06107635]
	 [-0.00483631  0.15300717  0.03101706 -0.0349977   0.40111934  0.11325032
	  -0.08945486  0.17256197]
	 [-0.07614182  0.13395115 -0.08204501  0.01000625  0.11325032  0.33882163
	  -0.03712442  0.05608794]
	 [-0.00495001 -0.10268634 -0.02437565 -0.13714145 -0.08945486 -0.03712442
	   0.48159066 -0.04456727]
	 [-0.1033755   0.03706038  0.05391173  0.06107635  0.17256197  0.05608794
	  -0.04456727  0.36842769]]
b = [0.05712594 0.33407139 0.03441108 0.21000541 0.55789229 0.52728479
	 0.11747074 0.4865944 ]
x = [0.62754708 0.06942441 0.63903973 0.63152592 0.79677051 1.49817728
	 0.81384596 0.78881255]

[18]
a = [[ 0.6521554   0.05062623 -0.03765863 -0.0694598 ]
	 [ 0.05062623  0.58036049  0.01404196  0.06078722]
	 [-0.03765863  0.01404196  0.67976011 -0.03502747]
	 [-0.0694598   0.06078722 -0.03502747  0.51151619]]
b = [0.31517066 0.2777784  0.85498686 0.30414485]
x = [0.61291903 0.31661507 1.32284928 0.73078427]

[19]
a = [[ 0.50361771 -0.35576943]
	 [-0.35576943  0.52381688]]
b = [0.9464387  0.32288356]
x = [4.44965142 3.63854922]

[20]
a = [[ 0.76180116 -0.12036956]
	 [-0.12036956  0.62353001]]
b = [0.93632991 0.3511215 ]
x = [1.35954605 0.82557287]

[21]
a = [[ 0.65990374 -0.10704291 -0.07987839  0.09774161]
	 [-0.10704291  0.85407484 -0.14148437  0.09548255]
	 [-0.07987839 -0.14148437  0.6922587   0.06439175]
	 [ 0.09774161  0.09548255  0.06439175  0.7497736 ]]
b = [0.27060189 0.43751946 0.44228467 0.734667  ]
x = [0.48478059 0.61024667 0.74749708 0.77474483]

[22]
a = [[ 0.39411045  0.16267265 -0.17119949 -0.07115048]
	 [ 0.16267265  0.23019588  0.05755926  0.04239387]
	 [-0.17119949  0.05755926  0.75419531 -0.12584587]
	 [-0.07115048  0.04239387 -0.12584587  0.74118058]]
b = [0.45417917 0.63911763 0.15345842 0.60141537]
x = [0.50455689 2.20596334 0.28000619 0.78123086]

[23]
a = [[ 0.7094968  -0.07858594]
	 [-0.07858594  0.74844298]]
b = [0.92697442 0.37512456]
x = [1.37806578 0.64590244]

[24]
a = [[ 5.76565028e-01  3.21427232e-02 -1.04132859e-01 -9.50436899e-02
	   5.74736560e-02 -4.85523023e-02 -5.35553754e-02 -2.27161538e-02]
	 [ 3.21427232e-02  6.43584356e-01  1.06678287e-01  6.46385568e-02
	   3.06262567e-02  5.03529871e-02  4.54355457e-04  1.47269246e-01]
	 [-1.04132859e-01  1.06678287e-01  4.72088577e-01 -3.16574151e-02
	  -1.11144057e-01  3.71427337e-02 -5.30916809e-02 -2.73772441e-02]
	 [-9.50436899e-02  6.46385568e-02 -3.16574151e-02  6.00820235e-01
	  -1.10965575e-01 -1.24287135e-01 -1.25242050e-01 -7.89519746e-02]
	 [ 5.74736560e-02  3.06262567e-02 -1.11144057e-01 -1.10965575e-01
	   4.05814793e-01 -5.64822591e-02 -3.09240709e-02 -7.10920080e-02]
	 [-4.85523023e-02  5.03529871e-02  3.71427337e-02 -1.24287135e-01
	  -5.64822591e-02  7.11369615e-01 -5.23159661e-03 -7.87270685e-02]
	 [-5.35553754e-02  4.54355457e-04 -5.30916809e-02 -1.25242050e-01
	  -3.09240709e-02 -5.23159661e-03  5.27032166e-01  4.00197471e-02]
	 [-2.27161538e-02  1.47269246e-01 -2.73772441e-02 -7.89519746e-02
	  -7.10920080e-02 -7.87270685e-02  4.00197471e-02  6.55502747e-01]]
b = [0.21027937 0.49034446 0.36224608 0.25880646 0.33613412 0.43625561
	 0.37832686 0.26590519]
x = [ 1.07906627 -0.22698775  1.82544024  1.83324799  2.16943838  1.23106368
	  1.50455216  1.08236888]

[25]
a = [[ 0.57028994  0.01584139 -0.17437258 -0.01604075 -0.05023066 -0.07638532
	   0.07806978  0.07971107]
	 [ 0.01584139  0.69244532  0.03881105 -0.01452151  0.04222133 -0.01634807
	   0.03412847  0.08046533]
	 [-0.17437258  0.03881105  0.46942141 -0.12864591 -0.04465356  0.06557606
	  -0.02377758 -0.06386794]
	 [-0.01604075 -0.01452151 -0.12864591  0.34841074  0.05008311  0.06868338
	   0.05860927  0.11302367]
	 [-0.05023066  0.04222133 -0.04465356  0.05008311  0.29415632  0.0076281
	   0.15435302 -0.16892085]
	 [-0.07638532 -0.01634807  0.06557606  0.06868338  0.0076281   0.58978685
	   0.12769011  0.19663293]
	 [ 0.07806978  0.03412847 -0.02377758  0.05860927  0.15435302  0.12769011
	   0.52951973 -0.10145799]
	 [ 0.07971107  0.08046533 -0.06386794  0.11302367 -0.16892085  0.19663293
	  -0.10145799  0.2927276 ]]
b = [0.46312532 0.36729524 0.03229647 0.0720802  0.48977829 0.14104734
	 0.36374708 0.50227628]
x = [-1.33542861 -3.15649762  3.20121572 -6.21186905 12.95421066 -7.12074385
	  3.60588911 19.55234774]

[26]
a = [[ 0.4725447   0.0287704   0.01433662 -0.09153886  0.21892958 -0.17002154
	   0.04951742  0.02515074]
	 [ 0.0287704   0.52135957  0.15651942 -0.07062549  0.02788861  0.08368963
	   0.28319755  0.0183257 ]
	 [ 0.01433662  0.15651942  0.30266757 -0.07252817 -0.02446373 -0.11091288
	   0.10360325 -0.14605006]
	 [-0.09153886 -0.07062549 -0.07252817  0.59965937  0.07043381 -0.00310262
	  -0.07747485 -0.1440096 ]
	 [ 0.21892958  0.02788861 -0.02446373  0.07043381  0.49933404  0.03605933
	  -0.00644291 -0.02521454]
	 [-0.17002154  0.08368963 -0.11091288 -0.00310262  0.03605933  0.62444589
	   0.06203824  0.14689772]
	 [ 0.04951742  0.28319755  0.10360325 -0.07747485 -0.00644291  0.06203824
	   0.51587169 -0.00271463]
	 [ 0.02515074  0.0183257  -0.14605006 -0.1440096  -0.02521454  0.14689772
	  -0.00271463  0.32764013]]
b = [0.03167791 0.48042553 0.33054346 0.54982394 0.49027141 0.29004221
	 0.17378522 0.04393894]
x = [-0.15381938  0.27765029  2.42830089  1.52677464  1.00215991  0.35003694
	 -0.07925291  1.80343418]

[27]
a = [[ 3.89586558e-01  9.12584176e-03 -5.31939763e-03 -6.78961991e-02
	  -3.88861251e-02 -6.11693023e-03  2.30356142e-03  7.15701802e-02
	   1.25652183e-01 -1.29848618e-01  1.83461777e-02  1.13745585e-01
	  -1.04288657e-01 -6.67612799e-02  5.00822336e-02 -2.19920633e-02]
	 [ 9.12584176e-03  5.88613364e-01  2.66743436e-02  1.41928833e-02
	   1.31591496e-01  7.07977435e-02 -3.62330080e-02 -6.12734091e-03
	   4.51222082e-02 -9.21259261e-02 -6.14330376e-02  2.61185272e-02
	  -1.07259872e-01  9.52407739e-02 -1.42281044e-01  4.81528411e-02]
	 [-5.31939763e-03  2.66743436e-02  3.84510256e-01 -4.02454861e-02
	   4.58634769e-02 -1.55477546e-02  7.57960305e-02  4.68303810e-02
	  -1.29047918e-02  4.26608914e-02 -5.31802421e-02 -2.93736217e-02
	  -5.40549324e-02 -5.99625149e-03 -1.20649602e-01  1.06260956e-01]
	 [-6.78961991e-02  1.41928833e-02 -4.02454861e-02  5.63297339e-01
	  -3.68259762e-02 -5.97463101e-02 -1.49073209e-01  1.54163307e-01
	  -4.19845717e-03 -3.73288289e-03  9.77326642e-03  1.19256623e-01
	  -7.17867909e-02 -3.33741469e-02 -1.88419226e-02  4.70056171e-02]
	 [-3.88861251e-02  1.31591496e-01  4.58634769e-02 -3.68259762e-02
	   4.42427729e-01 -7.31713239e-02  6.21187459e-02 -2.75783649e-02
	  -6.09636369e-02 -4.38486231e-02  5.93370797e-02 -2.99249516e-02
	  -9.24118871e-02  1.31462834e-01  1.00083468e-01  1.77933308e-03]
	 [-6.11693023e-03  7.07977435e-02 -1.55477546e-02 -5.97463101e-02
	  -7.31713239e-02  4.39134810e-01  1.92416288e-01 -2.01197557e-02
	   8.18973123e-02  4.56435374e-02  1.20741409e-01 -2.09781098e-02
	   1.02062342e-01 -3.47868131e-02  8.43479036e-02  1.07993231e-01]
	 [ 2.30356142e-03 -3.62330080e-02  7.57960305e-02 -1.49073209e-01
	   6.21187459e-02  1.92416288e-01  5.78234108e-01 -7.16398237e-02
	   4.40256544e-02  4.42142160e-02  3.79588942e-02 -5.72632937e-04
	  -5.34938873e-02  6.42607559e-02 -1.29942164e-01 -4.47145906e-02]
	 [ 7.15701802e-02 -6.12734091e-03  4.68303810e-02  1.54163307e-01
	  -2.75783649e-02 -2.01197557e-02 -7.16398237e-02  4.43516519e-01
	  -3.03236975e-02  3.45039808e-02 -6.92479122e-03 -2.98872822e-02
	  -6.74997182e-02 -1.36200729e-01 -6.70406759e-02 -9.98076790e-02]
	 [ 1.25652183e-01  4.51222082e-02 -1.29047918e-02 -4.19845717e-03
	  -6.09636369e-02  8.18973123e-02  4.40256544e-02 -3.03236975e-02
	   5.66162389e-01 -7.46144163e-02  1.48222352e-02 -8.95228040e-02
	  -3.52400813e-03  7.11804698e-02  4.89627996e-02  6.23930508e-03]
	 [-1.29848618e-01 -9.21259261e-02  4.26608914e-02 -3.73288289e-03
	  -4.38486231e-02  4.56435374e-02  4.42142160e-02  3.45039808e-02
	  -7.46144163e-02  3.72362589e-01 -2.01853710e-02 -4.00459087e-02
	   1.57385596e-02  2.42418937e-02  6.58591394e-02 -1.27634265e-01]
	 [ 1.83461777e-02 -6.14330376e-02 -5.31802421e-02  9.77326642e-03
	   5.93370797e-02  1.20741409e-01  3.79588942e-02 -6.92479122e-03
	   1.48222352e-02 -2.01853710e-02  4.35052498e-01  3.20421826e-02
	  -3.72922156e-02  7.84489892e-02 -3.18738111e-02  5.88935193e-03]
	 [ 1.13745585e-01  2.61185272e-02 -2.93736217e-02  1.19256623e-01
	  -2.99249516e-02 -2.09781098e-02 -5.72632937e-04 -2.98872822e-02
	  -8.95228040e-02 -4.00459087e-02  3.20421826e-02  3.62637841e-01
	   7.66756303e-02  5.84740063e-02 -6.45529173e-02 -9.80033232e-03]
	 [-1.04288657e-01 -1.07259872e-01 -5.40549324e-02 -7.17867909e-02
	  -9.24118871e-02  1.02062342e-01 -5.34938873e-02 -6.74997182e-02
	  -3.52400813e-03  1.57385596e-02 -3.72922156e-02  7.66756303e-02
	   4.98153142e-01 -4.83539396e-02  6.73986966e-02 -8.42322091e-02]
	 [-6.67612799e-02  9.52407739e-02 -5.99625149e-03 -3.33741469e-02
	   1.31462834e-01 -3.47868131e-02  6.42607559e-02 -1.36200729e-01
	   7.11804698e-02  2.42418937e-02  7.84489892e-02  5.84740063e-02
	  -4.83539396e-02  5.81791203e-01 -4.14114905e-02  5.72131385e-02]
	 [ 5.00822336e-02 -1.42281044e-01 -1.20649602e-01 -1.88419226e-02
	   1.00083468e-01  8.43479036e-02 -1.29942164e-01 -6.70406759e-02
	   4.89627996e-02  6.58591394e-02 -3.18738111e-02 -6.45529173e-02
	   6.73986966e-02 -4.14114905e-02  4.56555090e-01  8.75201763e-02]
	 [-2.19920633e-02  4.81528411e-02  1.06260956e-01  4.70056171e-02
	   1.77933308e-03  1.07993231e-01 -4.47145906e-02 -9.98076790e-02
	   6.23930508e-03 -1.27634265e-01  5.88935193e-03 -9.80033232e-03
	  -8.42322091e-02  5.72131385e-02  8.75201763e-02  3.94719442e-01]]
b = [0.27542137 0.15942673 0.28097265 0.24956524 0.22309644 0.26581394
	 0.26400046 0.17093294 0.34792495 0.1509742  0.20784605 0.32269299
	 0.19878687 0.11558466 0.2847898  0.33615082]
x = [ 2.29402514  1.73047402 -0.764334    0.70258741  0.44168233 -3.18635023
	  2.31872901  1.16683751  0.69636983  3.19452839  1.641022   -0.30075626
	  3.0548339  -0.58445582  0.33295494  3.9707038 ]

[28]
a = [[ 6.61490439e-01 -1.85817780e-01 -7.36289988e-02 -1.11006821e-01]
	 [-1.85817780e-01  4.88811505e-01  3.75185268e-04  8.24224766e-02]
	 [-7.36289988e-02  3.75185268e-04  3.69135007e-01 -1.16692660e-02]
	 [-1.11006821e-01  8.24224766e-02 -1.16692660e-02  3.99315149e-01]]
b = [0.33990939 0.66607093 0.54640626 0.3771622 ]
x = [1.3635493  1.70705595 1.7828275  1.02332702]

[29]
a = [[ 0.46011316  0.00735307  0.10114924 -0.04103584]
	 [ 0.00735307  0.54451408  0.15955495  0.05847751]
	 [ 0.10114924  0.15955495  0.43415947  0.0556854 ]
	 [-0.04103584  0.05847751  0.0556854   0.57574906]]
b = [0.51062032 0.64850052 0.372264   0.42442135]
x = [1.13036035 1.06786223 0.11206448 0.69842989]

[30]
a = [[ 0.63092663 -0.00560141]
	 [-0.00560141  0.59679143]]
b = [0.65383281 0.75663905]
x = [1.04764894 1.27767814]

[31]
a = [[ 0.51969828  0.04847104 -0.21385106 -0.14986624]
	 [ 0.04847104  0.27149393  0.00530129  0.03962232]
	 [-0.21385106  0.00530129  0.64018427  0.07680231]
	 [-0.14986624  0.03962232  0.07680231  0.15100321]]
b = [0.23264251 0.54038752 0.70297811 0.39960051]
x = [1.9180143  1.09695939 1.29757038 3.60207995]

[32]
a = [[ 0.33531048 -0.0767873  -0.17103934  0.02480941]
	 [-0.0767873   0.38595116 -0.08752275  0.17215474]
	 [-0.17103934 -0.08752275  0.60851756  0.15015306]
	 [ 0.02480941  0.17215474  0.15015306  0.64402536]]
b = [0.68050773 0.20929461 0.35829425 0.603929  ]
x = [ 3.29340116  1.60707998  1.7523693  -0.02727903]

[33]
a = [[ 0.6295725  -0.03017033 -0.07161832  0.07581657  0.01169175  0.04288901
	  -0.04714869 -0.07173972 -0.10887555 -0.01731619  0.00527232  0.02924722
	  -0.02282722  0.08751138 -0.06126459  0.12600739]
	 [-0.03017033  0.67782569 -0.14884738  0.07930417  0.082823   -0.00295232
	  -0.01639058 -0.03179223 -0.05401479 -0.05994408 -0.04304173 -0.01166738
	  -0.06364823  0.01661608 -0.01300393 -0.02776899]
	 [-0.07161832 -0.14884738  0.59684078  0.14787846  0.12623099  0.06045426
	  -0.10532336 -0.00259985 -0.04480619 -0.04377021 -0.13462318  0.03142113
	   0.03101109 -0.01233857  0.04804919  0.03853191]
	 [ 0.07581657  0.07930417  0.14787846  0.57120994  0.03900234 -0.08995785
	   0.1003116   0.03578417  0.00357631 -0.02574009  0.07736398 -0.07617346
	   0.02846509  0.02614764 -0.00861561  0.01580857]
	 [ 0.01169175  0.082823    0.12623099  0.03900234  0.53210977  0.01486818
	   0.00530868 -0.02689348  0.0046681   0.12059013 -0.12127388  0.05223803
	   0.07065463  0.07726491 -0.04137319  0.01112509]
	 [ 0.04288901 -0.00295232  0.06045426 -0.08995785  0.01486818  0.67173923
	  -0.08775278 -0.05816578 -0.08840859 -0.02042281  0.00583906 -0.00978337
	  -0.09704602  0.0692355   0.08520019 -0.05000006]
	 [-0.04714869 -0.01639058 -0.10532336  0.1003116   0.00530868 -0.08775278
	   0.58372572 -0.06728894 -0.07973626  0.03568734 -0.12853139 -0.0229333
	   0.01576112  0.05064672  0.0283147   0.05569917]
	 [-0.07173972 -0.03179223 -0.00259985  0.03578417 -0.02689348 -0.05816578
	  -0.06728894  0.63286649 -0.04017099  0.05075434  0.0209273  -0.01333717
	   0.03796345  0.10837191  0.04922485  0.07470122]
	 [-0.10887555 -0.05401479 -0.04480619  0.00357631  0.0046681  -0.08840859
	  -0.07973626 -0.04017099  0.55200261  0.05029981 -0.03655033 -0.03239674
	  -0.08367365  0.00492419  0.05358832 -0.00164211]
	 [-0.01731619 -0.05994408 -0.04377021 -0.02574009  0.12059013 -0.02042281
	   0.03568734  0.05075434  0.05029981  0.60407647  0.09441425 -0.0396443
	   0.00406512 -0.06658777  0.03982394 -0.01323203]
	 [ 0.00527232 -0.04304173 -0.13462318  0.07736398 -0.12127388  0.00583906
	  -0.12853139  0.0209273  -0.03655033  0.09441425  0.64155984  0.12542636
	  -0.00510469  0.01852877  0.04254254  0.03207968]
	 [ 0.02924722 -0.01166738  0.03142113 -0.07617346  0.05223803 -0.00978337
	  -0.0229333  -0.01333717 -0.03239674 -0.0396443   0.12542636  0.67271185
	  -0.06694064  0.04262242 -0.06560406  0.02113202]
	 [-0.02282722 -0.06364823  0.03101109  0.02846509  0.07065463 -0.09704602
	   0.01576112  0.03796345 -0.08367365  0.00406512 -0.00510469 -0.06694064
	   0.76396709  0.04395517  0.01214828  0.00960313]
	 [ 0.08751138  0.01661608 -0.01233857  0.02614764  0.07726491  0.0692355
	   0.05064672  0.10837191  0.00492419 -0.06658777  0.01852877  0.04262242
	   0.04395517  0.68105738 -0.00967799 -0.11802685]
	 [-0.06126459 -0.01300393  0.04804919 -0.00861561 -0.04137319  0.08520019
	   0.0283147   0.04922485  0.05358832  0.03982394  0.04254254 -0.06560406
	   0.01214828 -0.00967799  0.7011729   0.05133701]
	 [ 0.12600739 -0.02776899  0.03853191  0.01580857  0.01112509 -0.05000006
	   0.05569917  0.07470122 -0.00164211 -0.01323203  0.03207968  0.02113202
	   0.00960313 -0.11802685  0.05133701  0.60766179]]
b = [0.26307734 0.17908617 0.31375128 0.13714193 0.12946907 0.03940397
	 0.22361294 0.04761165 0.24668189 0.36872896 0.3414727  0.08072196
	 0.38563275 0.37824943 0.14714865 0.27841614]
x = [ 1.35044964  1.38421578  2.21167247 -1.27322581 -0.30190158  0.20735965
	  1.75597734  0.53144531  1.55320479  0.44549418  1.59326047 -0.21551799
	  0.76433512  0.16899638 -0.22992428 -0.09196832]

[34]
a = [[ 0.51354754  0.01347328 -0.01487956 -0.07957902  0.04473269 -0.00953522
	  -0.03614817 -0.17963524]
	 [ 0.01347328  0.63433752 -0.03519979 -0.07509159  0.04050594 -0.05787494
	   0.0782455  -0.05561871]
	 [-0.01487956 -0.03519979  0.55938849 -0.02019559 -0.04388271 -0.12152297
	   0.02736867  0.05440702]
	 [-0.07957902 -0.07509159 -0.02019559  0.55231433  0.00424483 -0.07410339
	   0.06065986  0.02179014]
	 [ 0.04473269  0.04050594 -0.04388271  0.00424483  0.580014    0.06562952
	   0.0224232  -0.06065222]
	 [-0.00953522 -0.05787494 -0.12152297 -0.07410339  0.06562952  0.50948234
	   0.11372597 -0.06631286]
	 [-0.03614817  0.0782455   0.02736867  0.06065986  0.0224232   0.11372597
	   0.5895311  -0.08237656]
	 [-0.17963524 -0.05561871  0.05440702  0.02179014 -0.06065222 -0.06631286
	  -0.08237656  0.47510368]]
b = [0.46960531 0.17839555 0.4148194  0.50661037 0.06848075 0.31885046
	 0.342652   0.30846566]
x = [ 1.68572667e+00  6.58043326e-01  9.96439939e-01  1.36028615e+00
	 -1.21209277e-03  1.27214709e+00  3.65186335e-01  1.42789028e+00]

[35]
a = [[0.12743951 0.06197833]
	 [0.06197833 0.18651805]]
b = [0.99181212 0.1277056 ]
x = [ 8.88558008 -2.26791892]

[36]
a = [[ 0.43219084 -0.22924737 -0.21675325 -0.08698904]
	 [-0.22924737  0.50611904 -0.20289789  0.00158031]
	 [-0.21675325 -0.20289789  0.4667833   0.15897138]
	 [-0.08698904  0.00158031  0.15897138  0.2329838 ]]
b = [0.68461847 0.26491437 0.6163538  0.28500162]
x = [19.57615672 17.26562948 19.60555301 -4.96212297]

[37]
a = [[ 0.38459876 -0.09767013]
	 [-0.09767013  0.20910529]]
b = [0.65043965 0.75955794]
x = [2.96543498 5.01753149]

[38]
a = [[ 0.29550547  0.04120571 -0.07434051  0.07520706]
	 [ 0.04120571  0.15594193 -0.09632566  0.20494324]
	 [-0.07434051 -0.09632566  0.26443583  0.06141004]
	 [ 0.07520706  0.20494324  0.06141004  0.74239993]]
b = [0.60203145 0.46493927 0.4753566  0.44206981]
x = [ 3.29393109 11.68792821  7.81990859 -3.61158413]

[39]
a = [[ 0.61565024  0.08938894  0.14089904  0.15357011]
	 [ 0.08938894  0.81673129 -0.02264367 -0.03118082]
	 [ 0.14089904 -0.02264367  0.75720357  0.04057263]
	 [ 0.15357011 -0.03118082  0.04057263  0.84399721]]
b = [0.91565127 0.37617097 0.11195434 0.08685842]
x = [ 1.51131305  0.28599076 -0.11646337 -0.15591454]

[40]
a = [[ 0.57102877 -0.06054443  0.08508238  0.09018053  0.00291488  0.17815761
	   0.05288489  0.0420858  -0.03236317 -0.01247842  0.026591    0.00898512
	  -0.02349765 -0.0736836  -0.02129214  0.10871734]
	 [-0.06054443  0.51519892 -0.06043657  0.01467587  0.12994406 -0.02029897
	   0.02925003  0.05403484  0.0673232  -0.03943445 -0.11164392 -0.05537826
	   0.04353342 -0.07085451 -0.15834409 -0.05268475]
	 [ 0.08508238 -0.06043657  0.5394959   0.04406929  0.03040211 -0.00550387
	  -0.06819828 -0.07019912 -0.00970588 -0.09261026 -0.03489492 -0.06743358
	  -0.01506133 -0.03236527 -0.01992726 -0.09606764]
	 [ 0.09018053  0.01467587  0.04406929  0.47123393 -0.10849389 -0.07451106
	  -0.02793759  0.13696762 -0.07747495  0.10114397 -0.0197916   0.0418764
	   0.0313255  -0.03872918 -0.02203293  0.05652315]
	 [ 0.00291488  0.12994406  0.03040211 -0.10849389  0.63765661 -0.04227922
	   0.04872488 -0.0521927   0.04658267  0.02266122  0.0211617  -0.00846311
	   0.03202829  0.10261626 -0.09675351  0.02693485]
	 [ 0.17815761 -0.02029897 -0.00550387 -0.07451106 -0.04227922  0.29354009
